6
6
1
9
6
1
4
6
5
6
4
1
1
1
9
9
5
6
6
1
1
5
5
5
6
6
5
5
1
5
4
4
4
1
1
1
2
1
5
4
4
1
1
2
2
1
1
6
5
5
5
6
6
6
1
1
1
1
1
5
1
1
5
5
5
6
6
6
2
1
2
2
5
5
9
4
1
1
5
5
5
6
6
4
4
4
10
10
10
1
1
1
1
6
6
6
8
10
1
1
5
2
9
2
2
2
6
6
6
6
1
1
5
5
5
6
6
4
4
4
1
1
1
1
1
1
1
6
6
6
5
5
9
2
2
2
2
5
5
6
6
6
1
6
1
1
6
6
6
3
3
5
10
10
1
1
6
1
2
2
2
4
5
5
8
1
1
1
1
1
1
1
1
5
6
9
2
2
5
1
2
1
1
6
6
6
6
6
1
1
1
1
2
6
1
4
5
5
2
2
5
5
5
5
6
9
6
6
5
10
1
6
5
2
1
5
1
10
1
1
1
5
1
6
1
5
3
1
1
1
1
5
2
1
1
1
1
5
5
5
5
7
1
1
1
1
1
5
5
5
6
6
1
6
6
5
6
1
1
1
5
1
5
6
6
1
5
1
6
4
10
2
5
1
5
5
9
4
5
1
2
6
4
5
2
1
4
4
1
2
1
1
6
5
1
2
2
5
2
2
2
1
1
4
6
6
6
1
1
5
2
1
1
4
6
6
6
2
5
5
6
6
1
6
6
1
1
2
5
6
6
1
1
6
2
6
2
5
5
5
1
6
5
4
10
1
6
6
5
5
7
1
1
5
1
1
1
6
6
6
5
1
6
6
5
5
2
6
6
4
1
5
9
2
6
6
1
1
1
1
2
5
6
6
5
8
1
5
2
6
5
4
5
2
6
1
1
1
5
1
5
1
1
2
9
6
4
1
1
4
4
1
1
1
5
10
1
6
6
6
2
2
4
5
5
7
7
8
1
1
5
1
1
5
5
5
5
6
5
6
6
6
6
5
1
9
6
2
6
6
5
9
5
5
6
6
6
1
6
4
1
1
6
6
6
5
7
1
5
6
6
1
6
4
1
1
6
6
6
6
